160
4 28 286 196 420
4 252 190 93 333
4 423 197 369 441
4 97 35 326 47
4 165 12 300 482
4 33 322 256 330
4 21 299 279 421
4 1 306 454 14
4 315 334 86 358
4 7 17 352 212
4 414 170 319 72
4 154 189 492 64
4 11 141 337 156
4 120 182 73 443
4 158 495 213 462
4 266 301 484 410
4 371 264 434 111
4 52 221 463 475
4 0 329 113 486
4 166 155 38 448
4 376 452 231 387
4 48 234 5 175
4 298 199 240 60
4 108 210 320 430
4 310 405 433 499
4 350 360 445 356
4 261 396 19 208
4 451 419 219 311
4 193 61 225 348
4 385 288 439 277
4 409 324 139 345
4 258 273 71 268
4 15 473 412 336
4 181 367 218 429
4 249 236 391 388
4 455 292 403 394
4 20 147 271 149
4 187 201 159 99
4 34 163 90 214
4 498 399 177 3
4 263 180 10 117
4 55 384 302 123
4 375 121 353 192
4 65 407 472 278
4 203 235 424 422
4 230 400 459 474
4 294 392 449 427
4 242 6 8 31
4 397 13 442 16
4 162 497 115 274
4 89 91 188 136
4 105 328 444 282
4 283 431 362 24
4 438 467 116 119
4 18 23 351 128
4 447 437 138 153
4 364 109 185 254
4 276 144 164 259
4 112 114 129 280
4 132 148 186 200
3 151 172 207
3 152 195 204
3 160 217 226
3 174 237 247
3 198 245 251
3 233 124 284
3 244 267 269
3 285 289 304
3 295 307 325
3 332 339 359
3 341 361 373
3 347 363 365
3 372 377 395
3 378 379 401
3 390 411 29
3 425 22 25
3 432 27 32
3 26 36 56
3 40 41 45
3 446 46 59
3 44 450 66
3 50 453 54
3 460 461 468
3 69 70 76
3 78 80 494
3 79 81 92
3 95 490 107
3 100 101 106
3 104 265 327
3 167 161 150
3 157 232 146
3 331 145 335
3 143 142 248
3 338 340 229
3 342 343 344
3 140 346 255
3 137 349 135
3 134 133 131
3 354 355 357
3 130 127 126
3 270 125 272
3 228 62 227
3 366 368 118
3 122 370 110
3 246 275 374
3 103 102 223
3 224 222 381
3 380 382 383
3 98 96 94
3 386 389 220
3 88 87 85
3 393 84 257
3 83 82 398
3 77 75 402
3 281 74 404
3 68 406 67
3 408 63 58
3 243 57 53
3 413 415 416
3 417 418 51
2 49 43
2 42 39
2 37 216
2 426 30
2 428 9
2 4 2
2 253 260
2 215 435
2 436 287
2 250 211
2 440 241
2 290 291
2 209 293
2 206 262
2 296 297
2 205 202
2 194 184
2 191 303
2 456 457
2 458 239
2 305 183
2 238 308
2 464 465
2 466 309
2 179 469
2 470 471
2 178 312
2 313 314
2 476 477
2 478 479
2 480 481
2 176 483
2 316 485
2 317 487
2 488 489
2 318 491
2 173 171
2 493 321
2 496 168
2 169 323
