1628
4 5357 5121 8148 6404
4 421 5913 6255 8785
4 2589 5583 3629 6584
4 9906 7710 5231 5796
4 1737 7529 4386 8197
4 3987 9487 8754 998
4 2094 6735 1756 59
4 2584 2395 6312 8873
4 6655 7923 7569 6632
4 2861 7444 7262 7796
4 7704 9612 2489 398
4 5515 8452 9004 1248
4 5905 8407 6459 4848
4 1729 604 7064 8437
4 820 7549 8603 9529
4 5886 8733 8189 9354
4 6839 4449 5744 4100
4 9213 4318 4574 8479
4 1524 6823 4233 3626
4 9483 5416 9620 1287
4 3904 2545 9383 4004
4 7108 6476 847 4644
4 3697 1396 973 7792
4 9131 5427 2061 370
4 4041 2155 2222 2843
4 3015 3135 3505 4036
4 4863 4631 5363 2687
4 9247 6668 7168 453
4 1492 9618 7100 2932
4 2752 44 1423 8854
4 5570 1561 9765 8004
4 2117 8775 8287 2935
4 8284 461 3273 7936
4 3295 6640 5616 3715
4 1385 8591 6639 666
4 2345 5918 2096 5001
4 9813 674 4695 1677
4 3420 5090 2331 2598
4 1556 6756 8384 864
4 5251 3825 1114 8119
4 6762 4147 8689 6196
4 9959 5592 683 9888
4 1081 4106 5526 8911
4 9818 5989 6613 948
4 7525 3942 8320 936
4 1388 7819 962 8240
4 4473 3484 7863 2723
4 4194 5052 8585 2246
4 9128 5083 3149 2968
4 5211 2819 132 8392
4 7369 8777 8814 8837
4 7515 7577 876 371
4 2459 4670 7939 7950
4 7368 110 8641 9894
4 752 3176 2196 684
4 9256 8636 5791 3656
4 3457 2728 4808 1101
4 8991 7290 7208 2212
4 7101 9267 7259 4916
4 281 63 2064 3678
4 2499 714 1013 839
4 6240 5602 2548 6170
4 9614 4090 1491 7937
4 2475 9019 5651 3302
4 7834 4405 5945 3647
4 5048 3765 1071 2124
4 7945 3024 3795 5042
4 7198 8152 1707 6381
4 4961 1115 6677 2008
4 1004 4685 1233 384
4 9965 3272 336 8639
4 4579 9986 9295 854
4 2141 6782 6495 4430
4 7104 2070 7201 2558
4 1734 5101 5773 1341
4 7927 7135 3499 7202
4 4702 7409 4964 3463
4 8058 2922 8063 6176
4 2115 1164 443 4788
4 1214 2080 9568 818
4 7540 5214 7961 82
4 4957 4917 7595 3607
4 5046 7896 7825 4886
4 5653 976 1146 1830
4 49 6702 6107 7757
4 9307 5295 3792 3566
4 7313 5772 9305 2964
4 4509 4983 3047 2274
4 8612 4874 6252 3309
4 4135 5982 3096 3896
4 3940 5713 7136 4406
4 2727 3228 71 1988
4 2228 887 7543 8322
4 8338 1353 1851 4925
4 636 3293 7516 3437
4 8485 7305 6935 9129
4 1210 8608 5310 4940
4 4322 6550 1203 2456
4 4240 1671 1450 9552
4 6168 9866 7551 5625
4 9433 8745 9795 5383
4 1955 7145 1812 8465
4 7 47 4131 4235
4 4185 9527 1322 9
4 8116 4141 3142 5006
4 5219 594 4637 1094
4 7579 7326 8851 3042
4 3114 766 9539 2962
4 4167 7359 5873 3072
4 2259 1742 1934 3686
4 7231 4655 8803 8387
4 1713 9690 2686 4657
4 5652 532 5494 6129
4 7583 8250 9235 2736
4 4074 1895 62 2293
4 4561 9525 1050 723
4 7715 8553 7083 7196
4 9263 2481 4374 8375
4 3844 727 4475 4102
4 4847 4112 3196 7032
4 6957 8736 8332 9196
4 7447 3357 954 213
4 2759 2982 8767 2652
4 9532 7088 6882 4619
4 9917 3519 1946 9946
4 7308 859 2726 6611
4 7648 4320 9063 1418
4 8010 5163 1724 9106
4 6547 5777 8193 992
4 1591 1568 9747 3170
4 2045 2340 4402 3155
4 4076 3337 8644 586
4 7725 5904 5686 6913
4 2060 4912 9576 7464
4 2342 3689 4638 2749
4 6178 850 2544 9966
4 9119 5172 3672 6571
4 4995 6558 3757 8478
4 1433 4490 5729 3257
4 1621 7494 3542 1763
4 2642 2085 7851 2828
4 3775 120 8601 2628
4 3648 9344 6534 3475
4 8626 6038 8397 5931
4 201 3781 4139 2323
4 7451 6567 328 2300
4 7643 774 3112 2814
4 4550 8138 9542 6134
4 7148 403 3593 8187
4 7814 3889 7545 2795
4 5156 4150 2870 2308
4 8186 9275 3451 8115
4 9302 18 8997 8267
4 4244 2862 2213 8242
4 676 4058 6467 4959
4 7862 6537 7079 3840
4 3376 1383 4390 3708
4 9713 6927 8865 6147
4 9151 5081 8233 3869
4 9559 58 4480 778
4 2036 1711 8506 3842
4 4044 9900 446 8079
4 7316 6171 5845 1160
4 5366 8259 8849 3526
4 7166 5609 9243 3583
4 7445 2160 11 8101
4 9528 9320 4837 7944
4 7703 2123 1839 5540
4 7673 9873 2305 654
4 8616 1049 9514 7953
4 2267 5096 2313 6050
4 1936 8094 4284 373
4 245 9605 7267 3913
4 3126 8430 1552 7726
4 2243 3950 5324 6580
4 1136 1509 3106 6989
4 2023 6359 6777 7008
4 8167 6123 2985 8509
4 333 8286 2944 7385
4 5359 5136 9289 5665
4 9921 9374 2282 1767
4 4551 4902 3745 9283
4 687 6300 5209 7522
4 8036 7466 1427 8701
4 5854 2535 9784 3899
4 2920 4498 2674 3253
4 8367 3618 9722 9732
4 6842 706 3632 2203
4 6481 1845 7756 4151
4 1231 65 9942 5919
4 9340 5600 7026 593
4 2817 8348 4690 5622
4 7922 2994 1096 3229
4 6060 9856 8563 4582
4 2718 6985 6638 9649
4 177 780 8697 1357
4 7700 7050 8834 7212
4 463 3002 1359 251
4 8026 7920 2572 1085
4 9111 4965 2941 6313
4 3083 8721 9691 6329
4 8346 8047 6582 6602
4 4516 8253 2364 8477
4 1996 1817 9778 3485
4 2619 745 9366 4951
4 9252 522 717 9443
4 5962 8839 565 5909
4 1372 2802 9779 103
4 4137 2571 2009 4352
4 7209 3356 4351 1701
4 1336 1861 6477 9365
4 6363 2112 2647 3368
4 6316 6426 67 9124
4 709 8811 2905 9325
4 9751 2351 6 1976
4 5891 9123 5492 1787
4 3443 3089 1340 1202
4 7119 257 7330 1510
4 6994 9154 4477 2957
4 8199 645 9585 8200
4 7629 5793 6415 9629
4 4259 2536 9546 4134
4 7671 171 8947 4293
4 7981 8751 2162 5244
4 8614 214 9806 188
4 4884 3496 60 9968
4 2095 3379 5991 6188
4 332 5593 8003 321
4 4357 1344 6914 1364
4 7489 7911 5544 9511
4 3308 5239 8163 9930
4 3214 3062 877 8779
4 4557 9974 3750 7439
4 8501 9363 6297 1800
4 1001 8923 5330 7613
4 6666 1717 1505 924
4 1820 4867 8529 750
4 8835 1740 4222 1975
4 5149 7934 5332 8651
4 6956 5733 6342 4977
4 5518 4727 4696 5970
4 5236 7057 8658 9962
4 7391 4711 9545 1249
4 2776 1351 296 9166
4 1564 2575 3730 7153
4 7677 1883 8431 1522
4 4331 1965 5758 1747
4 7415 2245 5529 4161
4 8040 7344 7647 1743
4 4572 8915 8056 9341
4 3120 8990 6738 8418
4 9426 9419 7210 8168
4 791 5131 3473 8607
4 4717 5808 8579 2573
4 5028 4415 7699 1061
4 3579 2043 5728 8548
4 9550 8449 5683 2809
4 2509 5488 96 902
4 7972 3087 8470 3845
4 5835 6616 7824 301
4 2265 767 6627 1636
4 9271 6273 1200 7524
4 5074 9397 7250 6419
4 3655 1714 6410 6309
4 6042 55 631 3306
4 1673 3834 4870 1228
4 8866 264 5553 8183
4 9569 5155 4960 7567
4 1523 385 3167 3673
4 6144 1178 3223 4367
4 5720 3830 6742 6377
4 2952 197 2089 9048
4 8625 1889 9566 6336
4 797 9572 407 3870
4 773 1508 9797 7436
4 9626 9853 8659 6192
4 8487 8702 2055 2353
4 6226 8132 1476 9718
4 3137 5864 1948 8707
4 3978 9250 6198 1912
4 1810 7155 3001 9843
4 4600 3905 2612 3791
4 5375 730 6747 5308
4 7748 4524 9952 8172
4 5610 4649 278 6058
4 3557 3271 4861 1429
4 4079 875 3857 8677
4 2486 9689 4043 6769
4 8671 6384 1998 9746
4 4200 9265 9871 7302
4 8940 283 5476 3997
4 6028 9078 3367 7443
4 3944 2000 9755 3028
4 7253 3 1853 6110
4 2912 1483 3278 7118
4 5170 1140 8204 432
4 6010 6662 6146 5849
4 85 7412 4607 6483
4 9507 8453 2927 3885
4 8297 4706 8442 8964
4 836 263 1040 5207
4 4532 4527 8683 7095
4 6578 1587 884 915
4 4179 5203 9695 2585
4 7880 6012 6757 8750
4 4469 1720 8670 7603
4 6981 5803 3022 9908
4 7103 1821 8929 4307
4 513 7696 995 1378
4 3728 7978 634 4565
4 6320 4883 1708 137
4 7319 464 7861 4038
4 1224 7618 6370 5174
4 7617 3518 3037 5197
4 3508 7296 4474 3362
4 4617 2877 3877 8692
4 1037 3561 1526 1542
4 8722 8895 1116 4361
4 1253 1073 7678 6656
4 6498 9464 4786 4439
4 8932 3248 7536 2627
4 3736 4871 559 8524
4 6444 1484 3892 2798
4 1681 5785 2937 8328
4 9359 1684 4521 7041
4 7759 2939 1152 6367
4 3375 1923 1154 2592
4 1117 9599 8874 3544
4 5902 520 6296 9880
4 2488 4292 5462 9849
4 7870 1571 8956 8637
4 5278 9197 3107 1712
4 3511 8466 9769 1361
4 5823 4975 7178 9961
4 3853 916 5341 3055
4 7823 1833 9425 6389
4 5839 7463 1726 3769
4 5547 1261 6605 172
4 6231 4668 5705 6577
4 9907 970 9014 844
4 56 17 5941 5378
4 8527 6965 5548 8516
4 2566 4946 529 1570
4 174 2600 2185 6938
4 6220 5441 208 3134
4 5998 7255 451 525
4 9984 7130 7363 688
4 5503 1234 912 6266
4 846 2368 9350 8931
4 7215 145 3746 3516
4 7238 5250 4663 6856
4 760 9092 8714 4093
4 10 4604 2106 1122
4 6715 1430 923 7624
4 3050 7740 1197 7149
4 4731 3969 297 9168
4 5446 6752 1601 2127
4 738 5649 5579 7518
4 8363 1765 9895 556
4 5151 5563 2165 8239
4 6583 5271 9182 8081
4 2716 1487 6526 926
4 9741 1827 9597 139
4 7218 5118 7778 9390
4 5325 6205 6540 9594
4 2766 3540 1589 211
4 6364 9161 1648 1015
4 3104 7558 8650 4627
4 6133 164 6396 2221
4 9121 4491 6052 628
4 1963 2649 8161 2484
4 2407 2295 5017 5013
4 8833 4990 9214 8059
4 8673 2007 4230 6451
4 9450 3674 8293 642
4 117 5007 8044 2555
4 3258 7499 2309 8198
4 5948 7152 5056 3691
4 5627 8824 5899 7204
4 7839 480 8617 6721
4 2804 5574 1010 6102
4 9246 9135 6623 2872
4 2879 2848 6680 2836
4 7692 5875 7983 3276
4 6149 7346 8247 8305
4 4126 9490 28 7375
4 87 2590 3029 656
4 9719 7151 1866 4555
4 7318 3608 1876 2516
4 1825 9588 4859 6256
4 3932 6157 8609 1847
4 2811 6731 6036 9776
4 2125 6215 9471 178
4 6645 5879 7752 5513
4 3828 7278 8653 289
4 900 8606 1943 3677
4 3973 9580 590 6350
4 7954 3692 1620 4671
4 9414 1735 597 9382
4 206 3239 6193 5487
4 4650 931 6531 3092
4 3480 9286 9852 4496
4 1464 8652 6685 1056
4 1159 2697 5061 307
4 5824 6703 9499 4170
4 1856 1393 2226 8258
4 2538 8578 3132 6741
4 8134 5815 1819 9276
4 1311 3891 4522 8434
4 4573 3527 5559 4054
4 1632 834 7888 6206
4 3808 1205 2190 2428
4 7764 6111 1260 1874
4 5058 5981 1994 7475
4 2999 8468 1718 9799
4 1129 6152 6053 9165
4 4792 6984 142 4055
4 6443 151 8537 4933
4 1877 9238 4997 9748
4 124 3895 290 4636
4 2732 9407 53 4725
4 5094 1642 2705 7993
4 8342 7875 9637 3573
4 7105 8684 7413 4442
4 1562 8967 7777 2490
4 7542 1888 4611 4661
4 236 589 7610 3297
4 7734 9241 9761 9376
4 6228 4857 9675 540
4 2091 7512 4865 9714
4 4814 7884 5371 6932
4 6306 7361 6155 4989
4 3980 1704 6849 6557
4 1884 9730 253 8035
4 5418 9326 8907 9602
4 4692 4091 4716 3558
4 4592 6676 7219 5644
4 6628 4774 7526 7074
4 5710 8032 2241 1445
4 9530 7286 4703 6733
4 9864 5235 1440 3839
4 6651 1282 2254 7003
4 2765 648 7090 8176
4 7659 3912 4363 4656
4 7406 1837 5044 898
4 4875 9896 7594 3531
4 2020 3924 4066 8123
4 2854 735 362 4506
4 5517 5035 2400 6976
4 5794 4926 4187 2565
4 4381 6827 2887 3802
4 3945 3654 6365 5916
4 7662 9976 4904 3553
4 9523 1023 4771 4089
4 6326 2461 9016 3422
4 7841 5671 6366 622
4 5020 1595 1598 1406
4 8423 7382 8241 9922
4 4410 9650 6380 1723
4 2806 4064 3498 2457
4 6794 5474 2320 1471
4 7733 2006 8597 8432
4 534 5530 1467 7356
4 3567 6289 5389 7374
4 358 4559 9453 8861
4 6673 7037 3906 33
4 8333 1332 9220 4412
4 4773 1339 5355 5205
4 2081 9368 9988 5898
4 6436 7432 6076 4879
4 7683 1533 210 5633
4 6800 404 9848 9468
4 6988 2783 960 3145
4 9456 689 6778 146
4 3760 147 6361 7785
4 7914 2907 8019 5457
4 2375 1422 5086 7249
4 5336 1584 5178 7821
4 4495 6857 4639 4011
4 489 3323 9361 2401
4 8938 1609 8894 8043
4 3718 4720 6490 7426
4 9879 5489 4375 7943
4 8376 8715 909 5551
4 4478 7534 4766 2398
4 8889 7419 8898 9684
4 6514 6528 9043 3582
4 7768 8153 7310 4057
4 2389 4452 1021 9072
4 2381 6784 9192 9726
4 2462 8648 9561 3244
4 3704 7818 737 4026
4 8150 3617 3559 7770
4 5856 6340 7175 2260
4 5869 2874 3914 6585
4 7230 7530 3983 1952
4 3882 396 6870 3153
4 9703 5776 3352 8679
4 7592 6016 3299 5255
4 3595 8823 9631 1930
4 1529 1512 7990 835
4 8845 7917 3966 8425
4 8299 4953 5461 9143
4 1922 2129 5467 5085
4 150 9971 4823 3749
4 6208 8954 635 9549
4 5901 5380 7454 6834
4 3371 6202 2191 1090
4 5920 198 7596 3129
4 7013 39 3339 5908
4 8325 9222 4467 9429
4 5865 6466 8712 804
4 9122 5522 8746 7116
4 5832 1886 7956 3188
4 4202 4907 9183 4016
4 3985 32 4704 7809
4 9667 5724 947 8238
4 8682 7010 8519 2343
4 9221 5531 2134 3428
4 359 9802 5556 6421
4 7966 3075 7480 4640
4 512 9062 3136 45
4 6649 7689 4887 6184
4 1822 4124 3641 8196
4 9734 5615 2277 300
4 9828 9091 3011 170
4 711 9606 149 313
4 3564 1507 7220 6700
4 6724 7221 3811 2167
4 5896 678 9868 5566
4 1761 2148 6243 1100
4 2924 1347 5451 9459
4 8276 4208 6574 1908
4 5756 7970 7876 8632
4 7731 7186 4514 3991
4 6873 1256 9173 3322
4 2707 6705 2024 6160
4 1382 6811 0 849
4 8263 9096 6446 3020
4 5047 7964 6264 6637
4 3694 8264 8562 2672
4 4465 6248 9752 4949
4 5584 6203 2467 6553
4 2198 2278 9573 6903
4 5164 471 3121 5939
4 3724 5954 2983 1174
4 611 5166 2495 4335
4 6681 8517 4708 8027
4 5277 9299 7975 3681
4 7984 8908 8752 9328
4 6659 9978 7424 3127
4 1047 9996 9891 4790
4 6015 4659 6522 5657
4 8133 9068 1569 8801
4 6942 7386 6726 2367
4 1199 1157 1044 4511
4 6596 5040 4992 3818
4 9987 1181 6648 1106
4 9583 5860 4340 4215
4 2875 5947 7425 708
4 8711 5721 1411 6022
4 1179 5240 3412 5763
4 9210 1593 9633 7727
4 2337 433 6112 1668
4 6017 5449 3203 5173
4 3226 541 4456 8210
4 9038 7384 5362 1840
4 562 3517 4052 6713
4 9836 7521 7509 2296
4 8222 8143 9721 2506
4 6719 2062 3894 5536
4 5836 1616 4286 2601
4 4419 2702 3031 8696
4 514 7500 8160 6246
4 1381 5813 9486 968
4 3563 8413 355 4206
4 6478 825 8828 6280
4 8863 8667 8864 8336
4 204 2025 8202 9995
4 5157 6351 6492 1535
4 5496 5730 608 465
4 7555 1400 7877 4742
4 8810 3105 4958 4188
4 8139 2120 5198 8031
4 1768 9920 7633 4228
3 889 4359 2954
3 1751 8876 2159
3 6051 3330 4943
3 5872 70 4092
3 1012 6275 2437
3 8977 2329 7397
3 8006 919 5368
3 7751 9935 3004
3 3596 6864 9028
3 1409 4801 5606
3 6263 1321 4858
3 2033 3235 234
3 9418 8919 6960
3 2578 530 9198
3 9269 1843 5751
3 3657 955 9716
3 3809 1640 8215
3 3972 240 9519
3 4000 2746 270
3 9187 6576 7614
3 1062 131 3311
3 7924 456 431
3 9768 5082 6097
3 8089 7729 3939
3 9600 8454 5208
3 3926 2604 620
3 430 6008 7995
3 2762 9699 2786
3 9767 978 6003
3 6964 2193 500
3 2661 8137 3956
3 4046 6698 1750
3 1939 2949 4534
3 9201 9332 7170
3 1330 5986 9431
3 9446 8401 2694
3 97 1980 673
3 372 9086 2632
3 6890 1036 8180
3 1259 9656 1744
3 4796 5191 6161
3 9584 8447 2977
3 439 7663 4942
3 4301 9538 9398
3 6761 2514 8822
3 2072 5245 7407
3 136 3590 6835
3 2772 5482 1796
3 3212 1519 4798
3 4221 885 7991
3 9944 2713 6824
3 2102 6565 8383
3 1475 6844 2074
3 7457 6137 956
3 8435 24 1961
3 3370 3280 6809
3 6352 1318 2595
3 4104 183 9413
3 8252 2399 8037
3 8326 1649 5752
3 8568 4502 9855
3 1694 9083 3793
3 6121 7881 7800
3 9075 5666 6450
3 4387 4635 2953
3 5732 1279 4238
3 4777 6887 7586
3 8859 37 5994
3 2207 3344 4839
3 6463 3060 6197
3 86 7674 6302
3 7895 4783 2881
3 7471 1546 5168
3 457 7554 4358
3 2297 3822 7724
3 1983 7320 6972
3 7461 9036 8314
3 2891 8900 7362
3 458 3543 1755
3 8815 6963 4595
3 602 9009 1538
3 3364 6959 2608
3 4248 7812 4596
3 4400 756 8093
3 5897 487 8353
3 7410 7357 6915
3 2903 8930 8766
3 9047 9137 9094
3 3951 7387 2144
3 3141 4434 5024
3 9035 4116 7206
3 3052 2210 6311
3 2149 335 462
3 4399 2596 9564
3 6471 4339 9578
3 7094 9215 1536
3 392 221 3021
3 4504 9838 5066
3 3875 6332 6353
3 8486 2785 3651
3 801 3347 9659
3 9114 1371 2741
3 2610 6506 7078
3 2028 7850 2892
3 2956 5628 4994
3 6127 1688 3789
3 1678 2837 6448
3 40 4069 1453
3 7602 6818 2859
3 6925 5233 6175
3 1161 7889 2059
3 6148 168 8663
3 5181 4982 842
3 9820 6232 725
3 4736 3887 4877
3 9709 31 802
3 2412 8543 7859
3 2469 739 8028
3 5125 4688 7959
3 1426 7557 9651
3 502 7632 5106
3 8438 4291 5128
3 1009 840 9993
3 2683 6229 6944
3 2307 2685 3318
3 8737 1778 9595
3 7694 8426 615
3 4097 6328 9394
3 639 8022 6725
3 9540 78 3012
3 9015 4549 4488
3 6699 8576 9678
3 1959 1220 325
3 343 3841 644
3 511 2101 1869
3 152 9223 8804
3 2169 393 7395
3 7960 2950 1043
3 402 5817 5959
3 229 6473 5190
3 5558 9489 5631
3 4689 4567 848
3 613 7742 6034
3 4787 7803 2472
3 5719 7423 8643
3 7971 9227 34
3 8950 2388 4099
3 5882 5676 793
3 5422 68 3743
3 4031 4826 7314
3 8256 3679 1377
3 6952 8097 3123
3 4855 9957 7697
3 7994 1807 8903
3 1165 1979 953
3 4880 6746 7132
3 7532 6315 726
3 2242 3903 7631
3 3555 1167 5850
3 1080 5731 6225
3 3698 7581 4969
3 413 4723 13
3 5881 6452 6005
3 3515 252 1892
3 640 9887 7430
3 1270 20 579
3 9892 5443 467
3 305 8629 5212
3 2137 4811 860
3 76 2669 3509
3 153 2164 2304
3 9475 8398 477
3 2002 7176 1502
3 6922 1590 3396
3 5951 2215 4298
3 8571 9274 6357
3 7666 4047 7906
3 346 6291 6046
3 6674 3665 5950
3 4078 740 5863
3 4750 3621 2929
3 6095 6189 6563
3 4173 7826 1953
3 4267 7496 6479
3 9280 4451 193
3 57 649 4245
3 2432 2019 7713
3 1369 2358 3246
3 2629 5161 4155
3 4279 4246 2527
3 3233 414 4922
3 5829 9337 1549
3 3581 9524 7951
3 395 5146 8456
3 8212 293 3449
3 4554 7036 4679
3 2232 4249 949
3 2898 1586 1416
3 5026 3902 6740
3 8821 2799 5346
3 3761 8986 1276
3 9065 7804 7252
3 7024 6210 3146
3 83 937 9313
3 6104 9830 1650
3 7565 6544 9526
3 4662 8206 2533
3 568 2751 4030
3 3161 6244 9157
3 5895 3261 7194
3 1286 3482 868
3 2531 3838 3504
3 1194 9234 1084
3 1504 554 7197
3 2824 4747 2634
3 4311 4314 1793
3 7236 3773 6630
3 16 3748 1250
3 23 2529 7813
3 9543 5714 2668
3 4653 4537 4856
3 3806 9105 9294
3 8498 6270 1516
3 8675 5387 7653
3 8229 3431 8965
3 444 4767 3911
3 7743 5200 4501
3 3263 4176 7490
3 9496 2047 9488
3 5672 9810 7963
3 982 1532 1527
3 3930 3174 6294
3 6258 2303 7018
3 9333 8440 1118
3 1514 9458 1032
3 4328 9635 1031
3 6664 3332 9692
3 8277 5401 4398
3 2442 5237 9680
3 4914 1986 7150
3 6612 4841 1296
3 675 3316 8355
3 6920 4001 6569
3 6245 9551 8201
3 4578 4892 1452
3 8952 1201 2422
3 9958 6828 1891
3 8642 7559 3824
3 4623 8654 4713
3 6693 6744 499
3 1606 5199 6852
3 5980 3125 5834
3 1027 6430 5059
3 5373 4935 8729
3 2143 2712 9085
3 2264 8289 9260
3 6822 8727 3513
3 5175 6962 3099
3 8179 1618 9022
3 9251 2671 225
3 6494 9711 3880
3 6510 4164 365
3 6093 9149 4775
3 858 7622 7957
3 4898 5641 4447
3 3407 7761 4605
3 8067 5043 459
3 4144 8918 5769
3 8177 9858 9002
3 3747 8808 115
3 8235 7828 4562
3 4095 4407 2328
3 6604 7418 7237
3 8593 3147 8897
3 9655 8981 30
3 5097 9272 185
3 5400 3570 9611
3 9624 6130 8382
3 123 3274 8567
3 1806 6846 6600
3 6118 1058 9985
3 2335 1898 5098
3 3547 7849 9181
3 1951 2402 7600
3 7721 6851 3355
3 2946 6727 5471
3 4482 4558 7190
3 8108 94 8756
3 576 6398 6766
3 2235 1865 6590
3 8978 1132 1110
3 7048 6002 9927
3 6126 4156 2570
3 1669 8472 7273
3 6323 9073 5831
3 1978 2220 5077
3 8806 4694 6472
3 4840 4197 7127
3 4546 4325 6669
3 2466 9771 2046
3 7868 7315 6078
3 7247 2240 6223
3 6899 7899 5442
3 8393 2205 7616
3 8388 6090 6993
3 8340 7665 473
3 1639 5019 8572
3 8753 9613 9338
3 7085 7329 9859
3 4489 4804 5505
3 6711 2333 5812
3 3615 1754 8734
3 896 6524 3883
3 5041 6304 3078
3 1835 3587 8129
3 1288 7634 2582
3 7805 2591 160
3 8372 5944 7693
3 9745 4564 22
3 6774 516 1848
3 8640 2911 7460
3 899 2216 5621
3 5323 3506 1266
3 1271 1774 6671
3 2294 2105 5140
3 2730 5460 6697
3 1849 3265 6560
3 3324 143 3884
3 101 5702 9948
3 1137 5189 9603
3 4172 9013 9003
3 6356 3664 5800
3 8573 6990 1192
3 3878 1212 1086
3 1313 7815 419
3 2549 2234 9877
3 6739 7275 6803
3 5613 3933 4746
3 9134 2136 1653
3 7121 7123 6064
3 5276 2754 8021
3 3038 8994 4312
3 2199 8996 3439
3 2237 4308 4217
3 3281 7491 5268
3 7931 2793 7686
3 9744 558 417
3 6581 906 5171
3 9679 8773 3578
3 3097 3402 9029
3 2453 753 2781
3 4255 2390 5134
3 1699 6063 6035
3 9261 3849 5523
3 5397 6023 1461
3 550 8716 5903
3 4394 6595 4599
3 2268 6414 9194
3 6831 796 2852
3 1480 2417 5598
3 9230 3873 2016
3 9008 4918 381
3 1488 1127 1170
3 8084 1656 2289
3 4818 4136 8411
3 5426 5234 9844
3 7510 4196 9759
3 3782 7400 5253
3 6636 9901 7233
3 2621 2444 4678
3 472 6261 7786
3 6096 7117 8166
3 159 5246 8316
3 3131 3381 2775
3 8789 1093 3817
3 3888 2406 1624
3 219 6520 8464
3 828 8049 2951
3 1172 8759 8793
3 4613 4630 133
3 3491 6132 1783
3 3262 1814 3300
3 5770 6529 6517
3 5736 6432 8618
3 3442 1404 6373
3 1665 7788 3965
3 845 6953 217
3 2731 4094 8987
3 1985 1867 2334
3 6227 8633 7903
3 279 7684 1221
3 4910 3334 8539
3 893 1627 1781
3 7309 2068 9502
3 3783 7969 8165
3 5966 5313 6180
3 5972 9534 4932
3 4088 5586 3721
3 5391 218 5917
3 2750 3744 2065
3 5398 2711 3401
3 9575 4193 5577
3 2554 7925 4479
3 4487 1208 2281
3 9535 7501 5104
3 1836 2987 4894
3 3584 1801 610
3 3312 6586 8665
3 651 669 7898
3 3539 7110 7675
3 7371 1646 1899
3 1184 6417 3862
3 6812 1904 9200
3 9660 3445 545
3 5132 401 5370
3 2722 5064 990
3 3927 7388 89
3 7980 2947 5481
3 1716 2464 3216
3 8694 3929 3124
3 9770 9882 3076
3 3411 5594 4538
3 5599 7502 1292
3 9941 934 3085
3 8638 4428 7289
3 4544 7695 7065
3 3947 7672 2184
3 2376 4529 8934
3 2326 9754 3521
3 9846 4981 8842
3 1638 144 5345
3 9156 1928 3424
3 8525 9209 6770
3 6405 8584 2087
3 163 4628 3017
3 7043 4669 5511
3 1299 1683 771
3 9356 3807 7664
3 8268 977 7177
3 249 7902 2560
3 7907 2173 2050
3 8015 292 1130
3 1935 757 827
3 6259 5122 6958
3 1469 6409 9140
3 2990 207 6307
3 3580 6805 6497
3 8732 2057 4163
3 2480 4833 2022
3 2835 894 1870
3 6973 1138 1120
3 304 2567 9670
3 7608 930 6068
3 9089 2463 3115
3 7096 7744 5429
3 7274 7223 7962
3 241 157 8273
3 8776 7014 8709
3 199 8853 9860
3 6331 288 4842
3 4149 618 3610
3 4553 4646 691
3 316 4882 1209
3 3313 3941 8409
3 7134 2011 5804
3 1331 4337 9179
3 9785 7553 8068
3 9491 4392 2564
3 356 7640 5192
3 643 2227 287
3 3353 9225 8502
3 6301 4948 5514
3 9152 7878 8886
3 3541 7642 6425
3 7163 2179 728
3 6897 3893 8298
3 5725 3186 865
3 7544 3178 1958
3 6541 5254 819
3 7216 4714 6904
3 1574 2805 3006
3 1652 9406 5718
3 9863 3753 9647
3 5329 7229 5663
3 4789 5550 9100
3 4468 2418 9367
3 108 6387 1841
3 8534 4226 7019
3 8870 6213 4355
3 1277 5578 7795
3 9710 7546 862
3 616 5206 5182
3 8645 1971 5060
3 1227 2288 9329
3 7298 6513 8740
3 5424 9232 5952
3 4634 784 425
3 4598 3438 8141
3 9885 6796 7087
3 3798 2563 4143
3 6087 5825 2841
3 3425 1809 5612
3 9870 5848 5534
3 9172 9617 6814
3 1495 186 4508
3 733 8941 2163
3 867 5658 7948
3 5741 9553 2239
3 6629 8310 3712
3 3536 347 5958
3 5771 348 3208
3 378 3209 2577
3 1563 800 7349
3 9582 769 6620
3 9423 1479 1661
3 4791 9590 4693
3 7091 3812 1700
3 5573 8564 2318
3 1615 2689 2435
3 5611 1376 2344
3 9158 5510 6484
3 9570 2201 1685
3 226 8321 9314
3 7556 8771 8103
3 6253 189 128
3 789 7799 6748
3 1099 4726 7365
3 3917 9862 4906
3 4403 9555 2152
3 9346 4986 4518
3 8309 6125 7434
3 383 7441 7333
3 9876 4290 1403
3 719 4211 5294
3 9205 8493 1131
3 958 4939 1949
3 415 349 8064
3 2012 7835 5183
3 1494 9819 441
2 8347 7140
2 2470 1788
2 4709 6701
2 2586 7580
2 3213 6917
2 8086 7541
2 6692 1196
2 5409 9954
2 7060 5316
2 7459 7946
2 2451 7758
2 1235 1909
2 633 6279
2 291 203
2 6456 2878
2 8960 8379
2 1993 1119
2 1188 2550
2 863 9323
2 8080 3860
2 1868 1180
2 1230 1284
2 5343 703
2 3784 4996
2 3949 9737
2 3859 2382
2 1679 1799
2 3327 2356
2 831 5148
2 5379 361
2 8282 6457
2 8686 9372
2 8875 1732
2 4 1818
2 1611 1323
2 280 2483
2 2035 405
2 509 3247
2 2384 2498
2 3821 4621
2 1105 9999
2 1335 935
2 5410 782
2 5694 6843
2 5779 7507
2 7479 7669
2 693 7965
2 7807 8406
2 8412 388
2 8726 268
2 8985 9663
2 5699 4254
2 1074 9102
2 8970 6085
2 3787 7753
2 4675 5051
2 3394 4632
2 6233 1111
2 4633 9807
2 4664 6407
2 4330 4344
2 8955 200
2 227 2378
2 922 1133
2 7307 8410
2 5833 4950
2 7251 2789
2 4734 1135
2 1046 8784
2 2324 2579
2 258 9701
2 1987 7667
2 8523 983
2 8791 3639
2 9604 7791
2 662 4107
2 9742 2405
2 9724 2086
2 5356 3292
2 5977 9636
2 4461 2942
2 3386 376
2 3389 1029
2 5844 1553
2 6500 6635
2 2386 8461
2 3922 6983
2 318 811
2 4979 2373
2 2311 2541
2 7092 9533
2 9557 342
2 3827 8164
2 2508 2030
2 6158 2410
2 3385 741
2 9632 9162
2 9148 7322
2 4371 8374
2 5327 9186
2 7399 8602
2 8491 173
2 2676 491
2 6434 3199
2 5005 5177
2 2715 794
2 9644 9717
2 6371 4425
2 8731 9342
2 5266 7627
2 4369 6420
2 7820 3866
2 1534 1918
2 7706 4220
2 5413 3819
2 6254 8725
2 8136 621
2 8872 872
2 3756 2883
2 1992 7340
2 409 5187
2 5885 4273
2 2825 9773
2 6647 4810
2 6242 3008
2 7992 1439
2 917 9977
2 1045 148
2 5399 1554
2 1329 9282
2 8857 821
2 4435 9609
2 3935 3799
2 984 3267
2 1206 7228
2 5643 7636
2 7832 1705
2 5073 1897
2 5210 4651
2 5957 3794
2 6678 1415
2 3225 2747
2 195 1969
2 69 7712
2 1063 7069
2 2934 4323
2 4978 5045
2 901 8879
2 2166 3466
2 2884 3144
2 7243 5883
2 4260 7093
2 2803 3620
2 6499 1610
2 9159 5979
2 435 3474
2 4032 9327
2 4356 312
2 8613 437
2 8758 4214
2 7393 7165
2 652 8728
2 7547 6234
2 6174 7033
2 483 2427
2 4237 2873
2 3227 5470
2 7276 605
2 6480 2172
2 508 5265
2 7264 4807
2 5167 7736
2 1731 3058
2 2503 7938
2 5361 7408
2 9362 4535
2 5840 5853
2 9963 7793
2 4103 5350
2 3636 7915
2 8770 6841
2 4758 2330
2 7416 2500
2 4822 7097
2 8507 5745
2 4224 987
2 5340 6077
2 6654 9787
2 2425 7588
2 6675 179
2 7172 8778
2 9070 9011
2 8535 9822
2 1654 4860
2 8780 8395
2 8142 9775
2 194 8570
2 2996 1305
2 5508 6901
2 4372 3530
2 9380 3476
2 2769 596
2 3984 6853
2 2170 2206
2 7639 2556
2 8877 4577
2 9749 8786
2 3879 1142
2 7427 3082
2 4891 4890
2 8117 111
2 8144 118
2 7059 184
2 192 209
2 6187 4972
2 303 9415
2 8311 7789
2 4732 9218
2 8405 3044
2 5279 8038
2 7883 4376
2 5067 7561
2 2520 729
2 9264 7856
2 8224 7086
2 482 5557
2 3189 5107
2 478 4175
2 8114 3777
2 8975 7942
2 4285 9931
2 6128 8417
2 8961 9421
2 9571 6141
2 1614 1728
2 8361 7578
2 1831 7098
2 2512 1517
2 2771 6614
2 3716 5696
2 1695 3727
2 1485 8135
2 1972 7741
2 2808 908
2 8244 3493
2 4724 8061
2 121 5906
2 6156 9556
2 8272 7590
2 5747 9436
2 2485 6308
2 2974 4523
2 5993 230
2 4952 6411
2 7075 274
2 2812 5983
2 6902 3717
2 4470 8462
2 8530 7847
2 7045 7606
2 156 9031
2 2098 1350
2 6937 9793
2 6177 6833
2 781 7483
2 6682 8075
2 2039 5483
2 6720 3685
2 4899 8002
2 5504 7077
2 4232 6559
2 1496 7187
2 4699 1625
2 8009 833
2 6545 4098
2 5304 8880
2 8561 8797
2 4333 4845
2 5727 2110
2 5213 8110
2 61 7864
2 7730 1749
2 574 2271
2 8542 6607
2 5533 9736
2 8045 424
2 8011 507
2 2272 5617
2 1283 8698
2 2602 311
2 9126 2827
2 3635 2532
2 8500 5870
2 1226 8220
2 256 7017
2 1937 6428
2 4063 6429
2 6265 1177
2 8556 5158
2 6026 4297
2 9301 1326
2 1753 2447
2 4588 4876
2 5783 2657
2 7248 2231
2 5262 428
2 1804 682
2 9457 3108
2 8159 8494
2 3690 6971
2 7404 1917
2 5377 3307
2 2298 4980
2 1696 5260
2 1501 4913
2 1984 866
2 81 7550
2 9357 7068
2 1171 8868
2 7337 7533
2 4966 1006
2 3023 1513
2 4440 8635
2 4427 5938
2 3059 3053
2 5023 9686
2 5382 9498
2 1634 8473
2 795 6539
2 7682 8441
2 7292 7030
2 538 2252
2 7830 6293
2 7022 1166
2 9932 8190
2 803 959
2 4305 903
2 4262 8924
2 3268 1703
2 1622 3993
2 7711 9296
2 1789 3469
2 7833 6075
2 6551 7367
2 9007 9910
2 6998 5907
2 406 5754
2 5480 9521
2 7138 7139
2 5008 8850
2 7929 2900
2 6257 6237
2 1762 182
2 6098 3205
2 8555 6021
2 2673 3266
2 8592 9823
2 6617 7584
2 2583 3361
2 7514 5910
2 3846 8968
2 7453 2357
2 2393 2310
2 5632 1275
2 4591 1307
2 5585 3534
2 5472 7067
2 4770 1932
2 6412 7688
2 9548 3286
2 7523 6859
2 9044 4453
2 4893 6533
2 4283 4830
2 3154 3416
2 4851 3705
2 6393 4019
2 7281 5010
2 5926 1149
2 3963 658
2 9698 4843
2 4048 603
2 6848 5693
2 9577 668
2 2138 2645
2 6519 4060
2 7129 4923
2 5900 6799
2 3854 9042
2 7102 1824
2 4793 5281
2 1191 921
2 2664 275
2 9189 3803
2 7658 6454
2 1612 9411
2 3611 341
2 4236 9297
2 3169 1190
2 6040 2385
2 5430 7985
2 3810 1878
2 8001 7574
2 6961 3591
2 4571 3382
2 2546 1770
2 452 9861
2 25 9311
2 6643 2026
2 8085 5640
2 9914 3994
2 2961 2928
2 4911 8541
2 698 2899
2 5100 7000
2 7071 6222
2 224 5838
2 6195 6185
2 6862 3696
2 319 6592
2 9554 972
2 6334 526
2 8000 3619
2 1302 7782
2 2709 8554
2 7890 5828
2 2656 5809
2 746 3454
2 5538 8334
2 6119 2280
2 3719 9101
2 4009 8231
2 1775 9204
2 2153 468
2 6509 54
2 27 238
2 6031 9229
2 3990 4691
2 9270 6290
2 659 886
2 9059 3523
2 582 7852
2 6923 9146
2 2662 9972
2 5549 7261
2 6772 412
2 6199 1134
2 4209 6283
2 999 180
2 1667 8109
2 8118 9933
2 6391 4821
2 3413 7488
2 1777 9720
2 9825 1873
2 7011 7504
2 9024 2980
2 8034 4525
2 6491 2525
2 5635 3156
2 5386 2038
2 1316 3754
2 6850 6516
2 4705 4556
2 9150 6163
2 4987 5778
2 8318 8546
2 4252 4034
2 5949 3645
2 422 5697
2 4132 5859
2 8344 1308
2 9400 2010
2 8757 5257
2 4174 1880
2 3383 1237
2 2154 7222
2 5227 8508
2 4581 6792
2 9336 4520
2 573 379
2 5014 1725
2 1087 3843
2 8098 2758
2 6631 911
2 5029 7882
2 4438 3340
2 5820 1964
2 5153 7822
2 5406 5466
2 5527 154
2 9321 2733
2 1401 2706
2 1664 360
2 7183 533
2 5108 4976
2 583 5342
2 7042 4062
2 2858 986
2 5619 5539
2 3628 3788
2 9929 1374
2 9164 9833
2 3201 2431
